6 0.1478125 0.7091504999999999 0.015625 0.036414999999999975
6 0.29500000000000004 0.7016805 0.007500000000000007 0.028945
6 0.3046875 0.7605040000000001 0.009375000000000022 0.05135400000000001
6 0.3796875 0.730159 0.010624999999999996 0.05602200000000001
6 0.5334375 0.7245564999999999 0.015625 0.06349299999999991
6 0.6553125 0.6246499999999999 0.02312499999999995 0.07843199999999995
6 0.6615625 0.6830065 0.025624999999999898 0.03081299999999998
6 0.6946875 0.5504205 0.028124999999999956 0.05508899999999995
6 0.6978125 0.678338 0.026875000000000093 0.02894400000000008
6 0.703125 0.620915 0.02124999999999999 0.08216599999999996
6 0.750625 0.712885 0.008750000000000036 0.036413999999999946
6 0.833125 0.6984125000000001 0.01750000000000007 0.05415499999999995
6 0.8612500000000001 0.7329595000000001 0.012500000000000067 0.022409000000000012
6 0.8665625 0.695612 0.015625 0.044818000000000024
