6 0.0928125 0.3514645 0.015625 0.04518899999999998
6 0.1275 0.3677825 0.015000000000000013 0.04602499999999998
6 0.16031250000000002 0.38493750000000004 0.014374999999999999 0.04016700000000001
6 0.1975 0.119665 0.036250000000000004 0.10376600000000001
6 0.18937500000000002 0.39623400000000003 0.012499999999999983 0.03431000000000001
6 0.49124999999999996 0.436402 0.011250000000000038 0.032636
6 0.5534375 0.439749 0.013125000000000053 0.032636
6 0.7053125 0.3393305 0.020625000000000004 0.04769899999999999
6 0.7234375 0.312134 0.02312499999999995 0.061924000000000035
6 0.7150000000000001 0.531799 0.0050000000000000044 0.014225999999999961
6 0.7253125 0.532636 0.010624999999999996 0.012551999999999897
6 0.8784375 0.43640149999999994 0.02562500000000001 0.03598299999999999
