6 0.2659375 0.673077 0.011874999999999969 0.01782399999999995
6 0.4515625 0.5567545 0.011875000000000024 0.032833
6 0.46375 0.5548784999999999 0.007500000000000007 0.032833
6 0.5631250000000001 0.59803 0.006249999999999978 0.02720400000000001
6 0.655 0.6463415 0.0050000000000000044 0.020637000000000016
6 0.6699999999999999 0.6519699999999999 0.0050000000000000044 0.01313400000000009
6 0.7012499999999999 0.596623 0.003750000000000031 0.028142
6 0.704375 0.6726075 0.003750000000000031 0.011256999999999961
6 0.7068749999999999 0.595685 0.007499999999999951 0.02626600000000001
6 0.71875 0.6449345000000001 0.004999999999999893 0.017823000000000033
6 0.724375 0.6449345000000001 0.006250000000000089 0.017823000000000033
6 0.8440624999999999 0.4427765 0.01937500000000003 0.080675
6 0.8834375 0.631801 0.02937499999999993 0.036585999999999896
