6 0.0315625 0.5058330000000001 0.019375000000000003 0.04500000000000004
6 0.1921875 0.6062500000000001 0.010624999999999996 0.030833999999999917
6 0.21218749999999997 0.6304165 0.016875 0.030833
6 0.57125 0.5441665000000001 0.008750000000000036 0.031667
6 0.760625 0.625833 0.010000000000000009 0.010000000000000009
6 0.8059375 0.6008335000000001 0.010624999999999996 0.03333300000000006
6 0.805625 0.6279165 0.006249999999999978 0.009166999999999925
6 0.8190625 0.63125 0.013125000000000053 0.02749999999999997
6 0.84375 0.444583 0.03499999999999992 0.0675
6 0.8353125 0.6295830000000001 0.014375000000000027 0.02750000000000008
